90
55
60
60
47
85
47
88
60
82
88
51
85
47
47
47
47
47
47
57
62
76
47
47
47
47
46
47
47
47
47
47
47
60
63
90
58
47
47
57
66
77
83
85
63
76
67
81
59
118
109
76
60
71
75
59
52
70
47
55
60
80
88
77
70
76
94
47
74
88
150
120
82
62
48
76
90
103
94
104
47
60
49
91
110
78
47
59
47
54
47
47
99
94
48
64
81
80
49
114
124
47
47
55
86
47
80
47
48
47
54
57
86
47
47
47
47
47
49
89
113
47
47
47
53
52
89
138
85
47
47
61
48
46
47
98
47
47
98
112
151
145
118
77
104
80
130
137
91
121
99
118
91
76
98
47
61
75
79
56
71
89
47
47
101
100
105
133
122
51
60
89
60
52
89
107
78
76
116
121
133
108
71
51
75
146
124
88
67
73
47
60
67
93
86
101
58
51
57
68
75
115
90
47
86
96
76
111
47
99
49
60
68
104
62
104
84
47
48
56
119
64
111
101
56
64
138
126
76
47
47
78
63
135
124
107
53
62
53
48
47
71
113
101
98
52
77
62
47
112
78
52
77
47
47
79
97
129
47
67
114
47
89
87
52
69
61
109
90
47
47
47
47
47
47
62
47
47
47
47
47
47
47
47
47
47
47
47
47
96
87
93
87
102
63
58
75
87
49
104
72
85
48
73
135
132
131
117
132
162
95
113
98
112
63
146
90
152
136
144
68
94
110
141
106
62
48
92
96
98
112
126
47
47
69
123
61
47
47
54
47
54
67
71
89
47
47
60
95
69
111
106
126
64
97
126
139
150
47
55
47
75
79
47
90
47
47
51
55
160
128
83
50
62
56
128
131
109
98
88
70
86
117
109
100
47
47
91
57
116
98
58
88
94
58
121
110
100
53
47
75
127
112
106
47
47
63
71
115
60
47
96
47
54
59
109
120
96
47
47
77
47
120
117
113
47
48
54
83
55
94
81
84
47
47
80
69
85
127
106
52
67
104
121
81
112
82
70
86
113
78
110
79
55
94
97
59
79
47
92
68
82
79
71
104
85
50
48
82
106
47
78
126
47
48
109
105
102
47
106
47
81
85
112
47
47
47
63
63
54
63
57
47
55
47
71
88
131
90
89
84
48
61
51
77
74
47
47
47
47
47
47
49
80
52
48
58
108
106
59
85
97
90
58
128
118
97
90
47
47
51
117
121
90
96
75
47
47
47
47
72
91
89
47
47
64
84
125
96
47
47
60
80
84
62
130
47
46
54
79
58
92
108
113
47
53
66
47
47
98
47
47
47
47
47
47
47
47
51
47
49
64
64
67
55
84
116
51
119
116
47
103
89
85
63
130
122
77
95
97
47
48
63
92
116
114
108
53
55
47
90
121
100
56
47
55
87
154
126
99
47
47
74
56
49
94
80
47
47
55
48
61
47
93
102
80
66
111
96
124
101
96
47
48
98
103
110
85
75
47
48
85
57
47
76
98
49
47
47
87
56
47
86
103
58
84
128
92
110
85
54
47
50
62
107
87
84
123
47
54
64
108
55
103
122
51
50
62
132
96
77
47
60
51
89
110
90
76
55
69
47
60
67
80
47
88
47
77
52
48
59
47
47
47
47
51
48
47
80
95
55
47
47
47
47
117
107
76
94
63
87
107
73
86
85
47
47
50
60
81
53
91
122
104
92
137
100
50
105
107
80
63
70
79
92
82
84
47
65
70
103
113
103
54
47
70
100
80
110
102
83
98
85
93
80
111
88
102
81
59
86
100
93
93
93
47
74
80
103
115
49
94
47
76
50
65
48
76
76
84
48
58
54
79
75
105
47
95
47
49
49
69
99
48
47
47
47
55
55
75
80
70
47
82
60
106
129
131
95
103
58
52
72
74
86
60
105
47
47
48
99
134
120
47
47
47
52
83
104
118
110
77
72
47
49
58
93
75
124
79
65
55
80
90
96
47
104
74
80
47
60
107
95
106
81
47
86
53
101
78
47
47
56
48
77
78
90
108
105
47
48
59
58
70
104
47
48
47
47
59
59
77
55
58
47
47
51
68
96
112
121
83
47
48
61
50
71
56
80
57
47
47
91
87
104
97
97
115
71
73
74
79
118
92
122
48
56
80
113
113
104
107
47
47
90
97
75
127
114
47
48
47
51
55
128
98
47
76
47
47
85
105
99
100
86
61
55
77
93
99
47
95
47
47
49
57
59
66
80
116
74
78
66
88
58
137
47
136
88
49
69
98
103
124
135
75
47
50
47
55
73
108
125
99
100
74
83
107
84
100
94
47
57
104
112
148
77
47
47
49
84
76
94
104
92
47
47
47
57
56
96
71
95
47
55
57
51
47
110
47
48
62
97
52
62
71
129
137
108
102
70
83
80
97
91
121
95
57
66
75
74
90
117
80
109
49
53
47
55
47
47
47
53
47
50
52
70
79
98
79
111
70
50
81
98
124
95
130
87
88
91
75
68
47
51
88
47
50
78
80
79
87
145
128
52
47
47
47
47
47
100
47
47
57
80
55
83
105
109
66
55
74
110
135
145
138
117
86
54
84
61
112
90
112
57
67
104
106
159
74
98
48
63
62
105
94
133
47
70
74
90
52
69
131
