106
55
104
47
116
57
108
53
110
61
92
100
83
112
47
47
47
47
48
58
54
89
47
48
47
53
47
48
47
47
47
48
47
66
47
47
47
48
47
57
47
78
47
47
48
49
53
86
82
81
47
79
74
92
74
90
130
55
61
56
132
108
122
76
78
91
135
120
102
73
48
53
49
132
95
91
48
61
71
118
98
78
95
48
48
83
122
107
104
57
47
62
128
120
119
47
47
50
83
94
47
47
73
48
50
131
101
47
47
48
71
72
118
76
87
86
56
77
119
47
48
47
47
53
52
130
133
115
90
48
83
109
121
106
50
47
47
61
52
47
47
48
47
74
86
101
95
66
82
74
89
96
71
74
47
48
47
89
114
128
94
47
47
49
78
110
122
108
47
49
77
120
84
120
47
65
83
125
139
89
76
66
53
58
94
116
110
91
47
47
57
109
124
101
56
58
75
60
106
113
47
59
66
87
117
110
47
52
47
49
64
136
91
47
75
67
70
77
144
48
47
50
53
60
127
128
98
47
48
48
54
70
109
48
51
47
47
57
88
50
57
48
47
47
47
64
47
47
48
48
47
57
67
113
80
83
48
47
48
135
124
105
79
74
87
68
47
47
47
48
48
47
47
47
47
48
47
47
48
48
47
47
75
47
48
48
90
128
94
142
123
48
47
59
135
48
115
130
47
47
144
142
56
118
103
47
50
164
110
47
47
57
64
73
148
141
48
47
64
96
47
83
158
88
47
48
82
105
67
128
119
47
48
126
157
79
105
47
48
47
60
143
47
118
138
79
48
152
184
91
133
124
61
48
110
177
103
47
47
50
47
74
124
48
48
47
59
48
47
122
115
79
48
114
106
48
113
49
47
47
54
75
124
131
47
48
48
83
47
115
48
100
48
53
51
98
126
120
68
59
49
59
87
60
47
47
48
48
53
96
151
121
105
54
57
75
64
146
96
80
48
67
55
74
87
137
74
48
48
49
59
102
111
51
48
47
98
92
121
104
89
48
47
48
65
127
48
121
48
61
59
78
89
125
126
86
70
72
105
112
113
106
48
49
58
112
83
114
83
56
49
54
76
102
122
84
48
66
53
65
99
124
81
48
47
65
58
128
48
115
69
47
48
56
47
100
128
84
54
48
87
114
123
121
58
47
55
91
134
132
48
48
47
47
58
110
71
47
48
48
47
49
97
104
87
92
60
72
79
111
114
102
106
53
60
66
121
66
114
74
52
51
48
62
100
103
48
53
58
49
83
59
98
113
48
56
48
55
147
141
175
83
90
84
162
131
179
84
90
83
57
144
150
148
90
111
49
58
130
80
143
79
96
65
99
106
119
47
48
47
48
49
59
107
85
133
101
51
54
82
100
133
48
58
85
57
115
129
145
118
47
48
65
89
101
128
100
65
49
59
70
90
58
80
87
76
47
47
86
106
129
49
67
49
58
100
114
47
51
48
49
63
93
96
98
71
79
58
48
124
98
116
47
59
64
88
103
134
144
116
96
103
127
124
83
99
103
59
51
77
47
84
47
105
82
87
55
101
137
49
98
78
74
67
118
118
80
47
47
48
47
106
122
103
81
47
49
67
98
78
86
83
56
51
62
92
76
102
47
76
77
55
76
94
95
94
69
84
68
105
68
109
128
94
47
67
62
85
51
106
52
47
49
60
92
82
83
113
77
50
60
131
94
85
48
47
48
59
147
121
122
67
50
79
102
153
133
89
76
58
56
91
80
102
74
47
48
53
125
126
118
51
75
58
129
121
123
126
77
48
57
112
81
47
98
73
76
75
157
97
90
47
56
54
83
91
99
116
47
51
85
73
103
115
132
50
47
84
102
130
137
90
47
48
75
111
55
47
98
52
48
56
136
47
109
83
91
54
51
96
131
120
47
80
47
53
47
60
48
47
48
84
56
106
116
133
67
48
59
94
68
84
89
93
48
52
121
110
77
53
64
48
51
76
92
82
47
47
47
48
75
90
128
72
48
89
91
47
100
137
102
58
52
89
85
116
114
102
47
59
88
107
71
105
48
48
71
78
47
68
48
47
58
88
120
143
123
87
47
60
99
104
68
81
48
47
54
98
77
81
94
79
48
92
65
125
88
47
48
62
66
133
100
67
67
64
63
72
143
100
119
47
47
51
58
54
75
47
57
71
58
62
70
101
103
59
73
89
85
88
74
91
105
91
88
130
116
75
93
81
56
53
129
119
47
81
53
50
85
129
85
95
47
51
57
68
111
128
48
47
48
47
69
87
47
47
47
47
49
87
110
59
71
89
62
52
67
112
94
105
78
58
84
123
127
123
89
48
56
65
58
47
47
47
48
47
47
48
48
48
48
48
75
90
135
47
121
103
93
82
124
118
47
116
101
84
92
110
79
48
48
59
90
102
95
93
48
47
47
51
104
129
119
79
49
54
58
76
65
65
94
48
91
93
89
141
110
91
67
47
73
84
108
87
82
79
79
99
100
123
47
48
67
56
87
120
126
71
70
84
87
99
111
81
47
48
56
59
92
121
105
66
48
48
74
105
89
90
73
60
56
61
87
87
48
48
48
94
47
118
106
47
87
52
78
47
99
111
91
85
59
53
58
101
