78
60
88
84
74
88
50
57
60
88
93
80
48
48
69
57
47
48
48
52
57
48
48
80
47
75
48
52
47
71
50
50
47
80
48
61
47
66
76
82
48
91
58
73
47
77
59
79
48
56
50
71
96
96
85
67
96
77
48
66
112
76
63
62
87
48
48
47
69
60
72
58
54
48
48
58
74
74
80
106
122
76
67
100
98
58
102
100
115
71
72
103
102
119
113
80
48
58
47
86
108
93
93
48
48
57
63
65
77
49
70
48
71
84
130
118
128
115
48
59
69
99
84
80
100
84
48
54
67
114
71
67
98
48
48
60
85
87
65
110
106
48
58
61
112
48
66
48
48
93
73
73
58
48
47
48
47
48
48
48
47
77
67
88
74
54
51
59
47
72
111
116
48
78
80
65
122
57
84
106
79
84
117
83
83
115
98
61
80
88
71
92
109
123
102
85
68
58
92
65
107
77
72
49
56
68
77
88
77
102
48
68
65
103
73
76
86
116
50
50
58
92
57
55
47
71
48
48
58
84
85
102
115
94
50
51
112
102
105
122
114
48
53
106
57
48
78
47
48
48
70
106
78
85
91
121
48
58
106
122
48
99
47
48
48
47
54
48
71
81
48
48
48
47
48
48
48
48
47
48
48
47
47
48
47
84
65
48
53
101
52
47
115
145
101
53
124
76
66
128
135
69
48
57
58
129
159
168
91
82
109
159
109
47
48
91
48
77
113
85
119
150
63
86
84
160
48
69
165
87
96
48
124
48
99
129
141
54
58
99
78
48
47
138
109
78
67
133
92
64
47
48
61
51
104
98
96
86
111
89
58
66
104
76
115
142
83
56
47
125
100
101
56
48
52
58
100
67
79
86
111
67
86
113
115
128
75
97
72
85
120
100
63
55
80
48
74
115
98
61
73
114
57
51
63
90
48
48
48
47
47
60
80
80
90
47
78
53
48
57
76
90
99
105
113
91
83
109
124
64
76
109
55
75
111
79
103
83
100
53
49
95
93
105
105
121
50
48
51
80
90
65
112
112
76
85
75
108
81
66
75
51
53
57
47
48
48
47
48
48
50
81
69
58
58
92
97
64
64
65
48
48
50
91
72
48
97
133
109
98
99
108
107
92
141
105
51
48
48
48
48
47
48
48
48
47
97
61
99
87
88
103
96
100
105
63
115
97
89
93
133
85
88
115
123
64
85
48
76
81
100
107
60
107
115
51
54
48
123
92
89
112
48
79
50
107
48
97
92
117
84
77
104
53
89
64
83
79
53
74
68
58
87
120
100
53
62
69
50
49
89
76
104
49
106
77
57
81
94
53
60
58
81
59
55
59
81
53
48
57
78
87
57
95
117
108
79
103
48
50
48
48
48
48
47
107
76
76
64
48
100
61
123
99
64
84
53
51
49
78
119
82
67
47
48
48
62
47
71
95
107
79
48
72
130
78
62
73
47
79
59
71
93
62
56
64
77
72
48
121
52
48
51
95
111
73
98
117
48
48
130
126
49
55
118
56
57
89
94
54
48
59
61
77
47
80
81
71
48
114
88
48
48
147
96
48
94
148
92
57
65
100
85
74
60
52
52
48
124
88
48
81
112
48
48
47
83
49
47
48
48
51
47
48
117
112
73
85
86
133
118
79
96
47
99
74
95
47
118
78
103
48
98
86
116
108
73
109
48
107
114
120
98
139
106
48
108
113
48
54
120
47
48
117
109
102
66
87
48
48
49
51
48
48
48
131
70
48
73
117
138
111
151
119
103
156
117
69
150
48
70
96
166
115
82
119
75
60
55
110
101
101
135
86
52
53
85
68
91
48
98
54
58
47
80
53
73
106
71
67
85
86
87
48
48
48
49
54
81
102
114
106
81
92
124
112
65
97
78
48
51
112
115
134
102
51
64
112
148
104
56
84
49
48
57
102
48
78
48
48
48
57
90
98
73
86
108
49
51
96
95
86
82
116
70
64
97
109
133
75
118
65
102
125
97
92
83
67
61
101
89
100
64
90
48
58
111
143
103
48
65
48
87
110
141
87
74
85
56
49
101
88
91
102
70
49
54
110
87
107
48
98
76
94
88
86
81
84
52
49
55
64
52
69
60
48
60
69
78
110
117
82
91
48
56
129
106
94
106
48
50
81
109
86
59
53
48
62
64
92
106
76
48
48
48
101
127
95
78
103
48
65
114
126
101
80
75
54
56
77
48
79
71
66
48
59
137
120
99
70
48
60
90
127
48
64
116
82
75
89
113
75
104
75
49
55
122
121
91
75
79
49
81
113
114
61
47
48
50
75
91
78
60
75
48
50
60
79
70
48
87
75
49
67
48
110
86
96
48
58
71
105
111
82
94
48
69
93
136
115
101
49
48
63
109
104
93
92
48
58
106
100
48
96
76
71
72
106
84
48
48
48
59
47
84
101
79
48
92
66
112
112
105
92
47
48
54
78
86
48
57
78
48
60
139
48
84
65
48
48
84
136
85
75
82
48
60
50
132
108
75
79
48
54
64
82
68
62
48
48
49
81
49
67
62
91
48
90
73
95
81
105
64
48
56
128
129
56
95
89
53
80
127
126
79
74
48
63
55
108
48
48
48
48
48
48
48
54
47
48
48
