48
52
48
48
49
78
52
82
97
67
64
48
48
50
48
48
48
48
48
48
110
48
86
53
49
48
48
48
126
54
71
58
50
71
122
162
48
55
48
64
86
72
90
48
49
55
64
98
48
86
105
49
48
51
160
119
95
93
71
48
49
128
122
48
60
59
69
48
80
48
48
48
55
73
74
87
118
119
48
55
48
61
48
112
116
105
99
136
156
111
122
78
99
59
117
107
67
86
48
59
100
144
94
96
109
57
64
151
104
120
94
80
67
92
113
130
84
71
49
54
107
104
123
87
69
72
73
83
79
110
110
66
79
114
110
80
76
93
69
100
79
48
75
48
53
63
85
127
48
74
48
49
49
48
86
94
48
48
48
48
48
102
107
99
120
82
50
85
112
48
61
48
49
67
83
48
132
138
128
60
66
147
95
120
130
91
93
118
121
100
114
91
53
65
122
134
116
113
74
64
90
124
104
82
48
68
68
136
90
120
105
49
65
93
113
86
49
48
50
52
75
123
66
92
71
57
55
73
88
76
48
48
48
80
67
139
64
74
48
89
49
105
123
56
48
48
48
60
78
48
48
49
48
48
48
48
48
48
48
48
48
50
110
149
118
73
77
48
48
48
48
49
48
48
49
49
48
48
48
48
48
48
49
56
48
72
48
49
60
49
85
128
135
126
106
68
62
104
118
107
105
48
59
48
82
48
48
49
48
48
48
48
780
48
49
161
780
150
781
48
48
414
479
392
745
48
180
48
538
48
143
161
48
48
167
48
584
60
258
175
345
48
48
50
175
119
277
102
48
54
48
48
207
123
62
123
70
48
184
86
54
73
164
88
49
109
125
65
61
157
94
48
48
48
55
76
71
81
95
97
48
90
48
90
124
123
89
105
104
82
86
85
100
48
50
91
119
133
94
106
48
49
71
48
49
94
48
72
48
52
65
109
112
84
66
48
59
75
112
48
52
48
58
52
64
48
95
53
49
73
76
110
131
115
115
48
55
66
90
80
94
78
48
48
63
108
125
108
95
49
48
100
148
117
138
110
74
85
116
99
73
59
67
53
83
134
100
107
49
55
82
64
106
83
48
69
78
106
86
84
111
59
48
49
58
73
87
49
81
48
48
48
69
50
97
90
102
48
51
111
132
103
84
48
58
72
48
114
93
48
91
89
85
66
48
48
48
48
85
96
101
105
95
88
63
85
107
48
49
91
84
48
70
111
146
127
128
79
48
50
87
115
48
92
55
59
49
105
145
93
105
94
53
52
98
129
118
84
75
78
77
48
91
48
48
49
49
66
66
93
80
48
48
48
70
120
48
97
77
59
50
92
131
157
48
56
88
68
104
161
136
108
98
84
85
105
87
105
48
50
75
59
48
139
90
49
84
49
71
124
103
114
87
82
57
83
102
92
60
49
49
73
122
117
77
50
76
76
69
97
97
96
51
52
52
71
121
117
97
48
51
49
51
80
102
48
48
48
49
60
96
98
53
113
74
76
91
157
106
124
52
48
57
86
101
90
56
48
48
54
110
123
116
68
69
48
120
87
129
91
89
50
53
101
80
48
48
92
49
86
96
126
107
104
86
58
62
85
91
80
49
76
50
79
130
117
98
96
68
50
48
120
130
106
56
48
56
72
143
123
98
72
48
73
84
122
89
71
49
49
67
95
48
89
55
48
49
48
52
48
48
82
48
48
48
81
94
110
48
48
48
53
55
125
141
98
75
75
82
120
147
117
48
60
51
74
98
132
128
86
51
57
74
150
133
48
79
48
90
103
110
48
48
49
48
61
135
115
80
59
49
66
48
140
117
48
49
49
66
48
140
128
77
49
49
57
50
49
96
48
52
52
76
101
123
141
100
48
48
60
106
48
48
77
75
48
61
119
151
48
85
60
48
58
135
142
101
49
49
55
97
117
48
48
48
59
83
79
104
100
48
62
67
63
80
98
93
48
48
52
73
119
115
50
74
49
48
51
109
48
48
48
53
48
52
107
113
48
89
68
61
66
86
112
112
49
49
61
61
95
92
82
48
59
100
82
128
114
62
72
48
97
115
132
69
86
48
48
49
128
92
108
80
49
48
52
133
108
49
57
57
49
76
153
104
86
48
50
49
48
48
48
48
65
54
58
48
79
49
101
48
71
72
59
48
105
145
98
89
86
85
118
120
153
76
88
57
78
105
95
93
52
74
70
133
128
102
48
48
49
91
154
129
88
49
81
54
114
129
48
48
65
104
88
133
109
89
75
67
70
82
124
105
104
66
63
65
82
103
48
89
64
67
77
113
123
96
82
58
59
64
121
48
48
48
48
48
48
92
48
48
48
52
48
55
119
143
126
48
63
50
73
94
112
110
48
79
71
102
126
95
48
48
48
53
48
98
61
48
48
48
54
134
137
79
61
56
84
73
97
137
126
68
77
70
75
108
98
48
76
48
74
107
117
103
64
48
53
62
85
95
79
49
48
65
74
96
115
106
90
58
66
60
98
127
117
90
87
82
82
137
100
77
58
49
56
92
96
88
48
48
76
64
79
97
94
58
82
83
56
71
92
48
48
87
79
62
105
105
123
91
63
59
59
110
85
100
91
89
89
113
108
110
