40
83
54
109
73
97
98
81
113
64
117
44
94
46
61
40
40
40
43
40
40
40
40
40
40
40
40
40
40
40
40
44
40
72
40
40
40
49
88
88
40
87
67
44
40
45
116
90
79
72
59
45
55
109
121
51
51
66
88
84
108
144
92
41
50
64
40
118
149
95
60
52
75
64
40
85
40
40
45
66
102
40
40
40
40
40
41
55
111
83
40
40
42
40
71
119
81
40
55
52
41
80
102
40
40
40
40
42
44
95
60
40
40
41
61
79
55
91
98
40
40
43
40
42
84
41
69
40
40
55
40
75
73
78
65
53
132
104
57
86
93
40
59
49
111
83
101
40
40
51
76
51
94
94
40
75
40
49
40
98
98
40
40
40
84
40
40
112
49
52
54
69
96
127
90
105
40
67
57
122
40
40
40
40
43
54
67
95
102
85
57
41
40
72
74
118
103
69
40
68
86
153
86
40
42
40
70
67
70
40
40
40
41
54
40
65
109
90
40
40
76
102
59
79
93
41
40
40
49
40
96
40
40
61
40
40
690
772
40
73
518
40
186
40
40
357
40
40
40
143
101
40
40
40
40
149
40
40
113
40
40
297
39
173
166
92
113
40
192
43
40
40
40
40
40
40
40
40
40
40
40
40
40
39
40
62
40
40
42
44
40
40
110
110
40
40
41
68
40
52
68
79
71
40
65
115
53
117
93
87
54
85
142
127
110
136
88
45
75
145
161
92
88
41
101
127
75
117
113
53
41
79
77
86
124
106
48
42
87
90
121
116
100
40
55
45
96
64
93
93
40
45
58
134
130
129
80
41
68
95
114
117
71
82
52
59
100
100
100
40
49
59
52
51
108
112
73
42
40
50
73
77
83
99
62
43
41
81
86
81
89
57
40
40
47
70
83
71
74
40
43
43
101
104
113
52
43
40
44
40
53
40
40
40
40
41
40
97
94
75
40
67
48
105
101
107
119
40
40
55
124
107
140
114
40
75
112
137
129
115
41
46
53
88
65
88
88
77
44
69
72
105
40
40
40
40
44
57
89
100
116
82
55
55
92
119
128
87
40
53
54
104
121
101
78
42
45
71
103
87
98
80
50
40
67
116
94
40
40
64
43
44
68
89
89
40
49
40
42
46
63
77
53
40
40
43
50
54
105
97
99
84
51
49
114
100
100
63
40
41
49
107
133
102
40
41
44
85
101
71
49
73
40
48
56
126
120
88
40
42
49
74
118
121
114
47
40
47
59
131
118
79
40
52
63
99
96
89
97
49
40
50
63
143
65
114
42
41
46
65
94
92
95
40
40
41
42
51
78
48
93
48
56
51
85
113
136
113
71
52
60
79
100
142
40
63
40
60
51
102
109
108
40
50
58
99
102
47
109
54
46
51
82
99
91
90
100
40
40
57
74
85
50
104
40
46
48
125
40
80
72
89
40
46
90
93
40
64
72
42
40
50
122
125
108
83
56
44
61
133
103
40
40
42
49
51
77
100
79
72
53
71
75
88
131
89
94
65
56
66
51
92
113
111
40
68
66
72
43
117
112
40
40
68
69
89
65
106
85
55
59
50
96
84
120
102
54
40
47
58
69
40
91
55
41
40
78
120
104
105
85
49
40
49
64
57
40
109
68
42
41
55
75
64
40
87
65
40
41
84
97
76
76
41
51
46
48
114
110
95
111
69
41
62
106
100
97
72
74
57
50
52
107
40
103
40
40
40
54
101
107
92
40
40
40
63
68
71
78
98
49
58
44
57
62
110
96
96
41
40
40
54
72
117
105
70
71
56
102
73
117
90
88
40
52
49
100
81
127
97
43
54
45
89
98
73
72
91
40
70
48
118
115
40
77
68
41
54
83
114
117
51
40
40
50
48
108
111
100
63
42
40
56
50
72
40
92
40
55
40
60
67
91
40
44
40
42
41
75
110
115
94
67
56
56
69
113
103
91
88
57
50
44
79
117
118
71
50
52
50
101
109
94
40
40
61
43
45
61
58
40
40
43
59
50
52
41
81
94
40
40
40
41
66
57
61
95
80
72
43
66
111
105
104
64
44
51
66
123
107
87
87
40
57
56
115
90
124
87
40
41
61
86
81
76
75
73
74
63
54
86
107
94
80
94
40
54
85
103
52
120
88
62
40
68
97
104
102
96
87
40
49
90
78
69
111
89
41
40
76
116
77
86
86
51
40
45
69
72
41
40
40
63
41
49
84
106
89
98
86
61
49
45
111
72
72
61
72
41
74
89
93
72
65
76
57
44
55
82
93
40
40
68
62
53
86
110
119
40
69
45
52
78
107
40
40
40
40
44
53
68
51
108
40
49
44
63
93
105
106
43
40
48
68
79
72
112
94
57
40
41
58
49
40
40
72
44
49
65
92
89
123
78
51
40
58
60
41
46
70
40
40
40
81
77
79
86
90
41
47
44
86
44
82
40
72
40
41
49
110
72
88
83
77
40
52
116
93
90
88
81
49
42
54
102
40
41
40
41
40
47
71
111
89
90
87
77
54
80
114
106
70
48
68
49
75
80
113
100
40
40
40
51
78
113
80
40
43
75
64
49
81
78
73
40
76
45
66
50
112
112
56
61
62
77
64
101
102
76
43
67
65
108
83
123
53
40
48
63
80
92
111
94
