72
42
97
51
82
74
51
84
41
41
48
74
42
42
84
42
41
41
41
42
41
41
41
41
41
41
52
41
41
56
71
41
90
80
70
41
44
93
96
85
103
104
87
46
65
83
92
99
85
44
41
51
47
41
41
95
53
41
41
42
42
69
41
95
87
104
41
45
47
110
75
121
81
47
41
48
77
96
41
118
96
73
41
53
71
47
43
52
96
41
41
65
115
76
130
80
57
41
70
87
41
122
105
88
83
41
53
41
76
41
67
41
104
51
55
64
98
121
56
61
41
42
49
50
68
41
69
41
45
48
81
85
135
53
45
76
93
73
61
110
42
117
76
44
41
42
62
113
120
41
91
41
41
41
92
62
79
41
41
41
43
46
82
41
42
41
82
78
42
53
113
120
83
83
119
56
52
104
100
88
89
120
96
46
104
132
90
41
87
48
48
48
110
128
95
41
41
43
69
79
119
41
94
85
102
50
71
121
107
41
93
86
41
41
41
773
772
773
773
668
41
41
41
113
495
41
41
404
253
141
41
41
266
41
143
409
101
41
301
123
42
42
218
250
133
78
52
41
149
52
47
208
41
123
42
41
98
126
114
75
130
99
95
54
78
45
83
41
41
41
42
42
41
41
41
41
41
42
42
93
92
52
45
84
42
41
41
78
74
106
41
63
42
41
50
72
112
98
118
80
41
108
97
125
120
55
58
124
96
42
65
126
141
107
118
96
45
65
93
104
68
87
95
42
42
41
69
97
41
52
65
61
42
52
87
95
42
45
105
97
75
66
145
143
120
120
80
81
51
133
112
51
82
46
42
95
118
108
69
95
96
75
49
54
86
75
60
79
106
68
64
104
130
91
70
41
41
42
52
83
62
41
71
115
83
81
96
148
93
70
68
41
41
42
53
94
58
80
58
76
41
72
81
120
89
69
79
125
41
57
72
103
116
69
81
101
75
101
138
107
97
82
76
75
73
120
121
65
62
72
41
42
79
108
86
72
49
41
52
48
85
108
116
56
62
41
49
42
103
112
61
41
59
41
42
42
63
41
88
77
75
41
65
76
90
52
65
82
85
46
85
41
55
55
73
103
59
41
41
69
72
91
101
111
92
68
41
42
72
100
107
92
41
100
44
48
75
82
74
79
96
95
72
43
79
92
87
89
48
43
41
55
83
110
103
92
93
49
65
42
52
53
96
64
79
106
57
41
86
111
121
49
42
41
53
65
84
105
80
91
102
85
41
42
101
121
78
58
41
41
42
48
64
94
101
66
62
50
42
62
77
77
114
102
114
78
52
117
111
85
45
74
73
69
41
83
80
105
89
70
58
64
44
64
66
77
65
54
59
41
42
48
90
91
93
51
51
65
44
42
97
104
94
84
41
52
55
42
53
100
120
83
91
81
56
42
62
73
57
41
56
75
41
42
45
68
41
56
66
99
107
64
78
113
97
63
41
130
41
41
69
120
94
90
57
113
67
41
48
64
60
65
87
87
41
72
68
97
111
83
66
59
41
103
109
114
96
120
100
41
96
63
64
46
72
121
82
41
107
41
80
79
99
71
87
65
76
42
55
76
128
95
64
94
130
56
50
77
112
90
41
130
120
44
65
92
62
62
79
120
85
42
57
75
100
41
110
85
41
41
52
45
93
96
99
56
97
63
97
61
110
104
41
49
46
71
63
48
62
51
101
76
81
69
70
46
60
97
94
60
41
88
69
41
44
69
86
44
107
126
86
70
59
120
67
84
60
110
54
71
49
57
93
97
119
95
72
41
42
41
68
76
109
66
82
41
87
58
120
96
67
45
83
80
41
41
51
69
41
41
77
79
41
49
71
51
81
50
79
113
111
99
42
78
110
91
50
97
93
80
41
43
60
72
41
53
75
132
76
42
89
127
96
41
86
115
119
74
76
102
94
41
67
41
87
52
62
66
104
67
94
76
98
42
49
60
90
113
75
42
41
41
41
42
52
84
72
41
46
87
41
41
59
104
106
52
74
77
41
87
44
42
50
106
81
77
80
119
91
84
69
109
119
98
114
76
47
44
117
96
86
50
76
76
71
52
71
83
119
77
55
82
77
66
59
93
105
41
79
91
61
84
42
49
41
82
46
50
41
50
41
42
41
77
70
78
82
94
121
102
55
64
124
74
99
81
108
68
51
76
68
51
92
84
100
122
97
59
49
42
108
41
57
41
86
61
44
67
111
44
66
51
112
69
63
67
99
57
41
57
100
91
41
44
77
86
43
42
46
43
88
41
77
42
110
98
67
63
66
96
87
74
55
112
87
69
58
57
41
41
64
87
41
58
45
68
56
98
41
42
41
78
42
85
41
96
120
61
59
93
106
57
72
90
108
78
42
46
74
52
68
42
46
41
41
41
47
87
125
41
42
41
116
95
56
87
130
97
41
49
70
100
73
69
97
41
41
42
42
42
112
67
41
79
115
77
45
53
91
42
42
42
66
62
41
41
59
102
41
42
52
41
41
42
52
41
41
41
68
57
81
146
105
79
67
41
42
46
56
100
41
41
42
86
103
60
71
104
81
69
101
90
125
94
97
138
87
79
73
46
66
109
103
72
135
120
48
46
131
87
70
59
123
98
44
61
123
97
41
71
107
95
41
76
82
52
41
53
53
94
41
95
100
102
