97
50
103
50
108
61
49
49
49
81
49
49
50
49
55
49
49
49
49
50
49
84
49
49
49
49
49
55
58
49
49
49
49
49
49
49
49
49
49
49
49
55
60
69
49
101
106
70
49
55
86
120
118
49
49
58
84
119
135
118
91
59
49
66
96
49
49
49
49
49
49
63
73
74
49
49
49
64
61
110
109
140
102
77
90
108
143
110
108
63
85
95
138
112
49
54
49
69
58
90
101
55
101
58
74
68
105
50
49
53
49
74
96
123
144
126
89
49
49
75
113
80
105
49
59
68
68
140
112
112
49
62
70
138
134
98
88
49
57
49
74
69
87
49
119
49
64
76
137
49
49
49
88
49
49
49
138
100
78
64
49
64
108
155
112
49
49
49
49
83
112
49
55
49
60
56
94
137
165
49
95
95
106
96
141
131
55
49
78
92
93
129
110
119
81
81
75
80
119
125
49
93
61
74
53
136
139
137
49
59
90
110
93
91
124
96
59
108
121
77
90
90
49
49
49
100
97
91
49
49
49
50
91
83
123
49
75
87
64
68
109
131
49
49
49
49
49
54
110
104
73
51
49
49
61
107
143
79
51
49
49
52
65
111
79
49
49
49
49
49
49
49
49
49
49
49
49
52
49
49
51
49
64
86
61
130
143
49
58
49
53
49
49
48
49
494
49
130
322
49
49
368
141
49
108
76
49
249
153
49
273
82
146
131
119
122
126
135
98
49
54
110
49
99
49
61
61
201
168
142
67
73
104
146
100
141
49
52
111
78
84
85
87
49
49
81
145
109
71
49
49
54
53
72
76
108
49
71
49
57
85
146
93
121
88
87
53
88
49
152
121
133
55
64
98
74
96
90
111
82
89
95
109
153
120
75
49
70
114
119
139
124
111
53
60
49
85
97
70
73
54
54
92
49
49
50
86
49
49
49
49
382
49
49
49
49
49
78
509
413
49
49
210
49
386
102
49
391
49
49
225
149
49
147
49
137
67
49
127
83
127
49
98
138
196
156
160
80
49
49
87
49
49
158
85
96
60
61
49
49
49
115
88
49
57
100
62
73
49
100
49
51
119
99
75
118
103
89
54
111
97
110
86
49
50
58
98
67
132
101
49
71
52
63
96
82
113
100
94
74
71
122
124
90
49
49
67
99
106
113
87
65
59
79
61
50
92
86
83
49
66
59
89
49
121
88
90
49
52
60
63
53
111
121
57
76
113
106
104
98
86
54
70
84
92
71
98
113
77
49
59
100
49
108
83
54
49
49
70
49
57
49
80
49
56
62
102
105
82
82
50
50
74
83
94
72
85
51
49
49
68
71
63
91
114
79
59
93
145
119
82
49
49
50
60
136
136
88
100
86
56
59
102
120
96
110
90
51
88
144
124
58
106
66
64
95
128
108
50
49
91
74
58
99
99
98
52
49
49
66
65
89
96
51
60
80
83
62
100
115
71
49
49
49
54
49
58
49
72
49
49
49
49
49
49
88
92
86
85
83
80
93
129
142
118
49
50
60
94
104
90
82
49
49
57
54
93
84
88
91
91
73
121
121
60
72
53
49
49
61
68
74
72
91
81
49
50
84
95
100
108
114
73
52
114
84
107
91
113
51
58
88
56
78
111
81
113
65
64
98
115
71
54
50
56
55
86
106
116
109
58
49
65
49
68
84
92
85
49
49
77
70
115
90
137
86
52
63
52
90
83
82
116
92
61
89
115
90
79
49
49
49
50
68
49
49
49
49
49
49
49
49
70
75
62
49
49
49
49
86
83
131
123
117
92
61
137
97
109
86
119
93
99
83
80
69
66
103
102
81
82
123
82
59
88
96
50
50
89
122
116
125
118
55
60
89
81
61
96
129
108
88
90
86
102
109
61
90
68
92
108
97
49
103
99
84
55
110
62
68
79
111
75
69
87
96
78
69
49
105
69
67
106
79
65
63
83
49
49
49
67
72
60
49
49
49
52
88
118
126
110
97
75
54
65
91
91
113
77
118
54
82
119
125
80
104
58
49
64
101
113
75
71
49
49
62
77
119
112
102
91
88
49
52
63
106
107
91
72
54
65
94
80
111
70
49
49
57
81
74
74
75
93
69
49
50
69
95
69
87
62
71
52
50
52
105
86
85
94
104
85
51
68
96
97
81
86
113
49
50
82
77
68
49
72
49
71
63
103
103
90
79
89
87
73
66
53
99
96
85
49
49
50
79
49
88
49
49
49
54
58
86
114
120
93
84
114
102
55
74
72
103
75
94
93
50
79
82
107
125
74
93
49
52
56
69
55
49
75
76
49
49
59
81
78
112
105
105
49
49
49
49
87
126
103
78
62
99
123
129
118
75
54
50
49
124
95
82
55
109
49
58
64
67
93
128
104
49
49
53
84
67
120
100
112
58
66
82
81
123
123
86
79
62
70
76
121
133
105
105
58
69
49
62
66
49
49
49
53
90
118
110
101
49
75
58
77
65
111
113
86
60
90
96
60
71
71
95
100
49
50
57
57
101
127
68
96
59
59
95
82
130
99
95
76
69
51
49
71
97
51
110
86
73
55
112
126
119
107
92
54
59
84
136
135
85
49
49
50
49
49
131
98
49
49
53
50
