62
76
49
76
49
49
59
56
58
49
66
49
49
49
49
49
49
49
56
48
77
51
67
49
49
51
49
82
76
49
51
49
50
62
84
57
49
49
62
57
67
104
83
49
55
49
49
51
51
49
49
49
49
49
51
56
65
49
49
88
86
68
87
144
97
49
49
70
69
60
125
116
99
113
51
68
111
113
116
103
88
84
76
109
89
49
49
78
61
60
86
96
86
49
92
77
60
70
74
107
84
49
49
49
88
99
89
80
49
49
51
57
75
96
106
94
89
71
70
92
64
76
102
49
49
52
92
82
102
49
49
49
49
57
48
49
49
49
52
55
59
110
140
135
104
72
54
83
135
69
50
49
49
53
113
131
49
49
49
49
49
49
94
49
63
96
52
76
97
131
128
108
50
87
96
85
147
115
101
62
49
50
73
92
49
49
49
49
49
94
138
142
102
49
85
78
89
79
104
120
87
49
84
117
91
76
60
59
55
64
96
116
49
57
49
49
49
78
116
150
87
69
49
49
100
106
111
77
56
76
63
89
121
136
49
73
80
112
110
93
134
49
79
57
104
58
98
49
84
49
49
54
147
84
49
114
72
54
73
116
115
49
49
49
50
50
82
100
49
49
49
49
49
48
49
49
49
49
49
49
48
48
49
49
49
49
49
66
49
132
130
90
57
96
90
82
108
131
112
57
49
132
110
146
177
79
52
132
172
49
54
158
49
48
48
48
244
78
75
166
49
82
354
74
198
49
170
180
71
141
89
58
49
190
49
189
49
49
49
49
54
80
48
107
156
49
50
179
139
171
49
125
49
53
101
144
136
49
120
75
63
87
98
121
99
118
60
67
48
49
106
63
49
56
81
88
49
142
113
81
76
48
89
51
71
91
110
99
58
140
87
49
49
97
85
49
86
109
49
49
49
50
48
48
49
89
55
49
49
96
105
50
74
112
63
75
108
102
49
60
88
53
49
132
143
56
49
49
781
781
48
781
49
622
49
352
204
271
328
49
49
49
267
189
49
294
274
197
48
175
49
49
215
49
130
204
49
168
116
171
122
54
125
149
49
128
109
114
56
111
109
49
60
56
78
102
122
59
75
102
150
101
49
49
49
50
51
49
49
49
49
49
48
97
49
97
51
58
60
55
113
136
110
100
70
105
111
119
58
91
53
78
74
157
165
134
119
63
79
91
164
104
123
55
57
97
122
105
90
97
84
66
129
145
126
119
49
92
96
112
88
69
60
67
72
112
126
101
49
49
56
84
103
49
106
106
49
79
82
70
49
110
82
61
128
135
81
49
49
52
64
93
93
87
66
49
50
79
98
48
49
50
82
49
51
115
122
110
64
57
50
92
81
115
123
83
49
53
116
115
126
71
86
79
120
102
70
67
49
49
122
113
119
110
77
65
68
49
48
95
111
50
64
109
139
83
50
78
53
61
109
131
80
85
62
93
127
49
49
49
49
63
74
122
89
87
69
73
50
114
148
86
56
49
51
54
90
117
114
89
61
53
48
48
54
76
87
83
76
112
48
104
103
61
61
84
87
49
49
69
76
50
88
86
90
97
85
99
59
72
60
67
49
49
49
52
67
49
49
80
70
49
59
109
50
49
79
106
63
64
141
128
83
92
67
56
88
144
131
48
49
62
72
97
84
71
49
58
92
89
49
97
137
107
58
54
101
101
50
105
52
53
110
113
93
66
105
85
113
97
98
92
53
56
84
85
112
60
98
49
57
73
156
108
49
49
50
81
119
133
80
49
53
57
89
93
138
75
49
49
59
81
124
49
67
49
60
61
140
93
86
49
49
61
80
109
83
49
49
61
51
68
50
96
49
69
59
91
121
140
90
52
49
49
64
123
49
73
85
60
50
56
103
49
49
49
63
70
112
96
131
60
57
120
129
118
106
50
54
54
61
56
49
49
63
96
76
111
100
115
49
74
80
94
102
108
71
60
74
71
102
60
121
56
83
56
113
125
111
51
53
53
88
102
74
55
69
81
100
133
93
79
69
51
60
95
135
102
49
49
49
66
99
49
49
49
49
50
73
144
109
49
54
49
49
48
49
49
49
49
49
49
48
85
49
49
49
49
53
187
160
107
140
156
122
148
115
89
91
97
105
112
112
89
101
108
173
94
52
90
103
108
157
119
49
64
64
102
91
104
128
108
100
56
136
97
49
101
81
69
95
87
87
79
62
79
83
142
96
70
59
73
105
87
110
129
84
57
51
62
92
80
75
49
49
49
100
148
123
60
93
76
66
70
86
49
69
64
68
83
118
103
67
67
50
57
94
76
59
49
50
52
59
57
58
49
49
49
49
116
135
81
97
83
79
65
144
119
52
79
53
95
140
122
109
56
59
56
130
134
101
49
50
49
82
94
76
60
76
72
77
125
91
97
49
81
78
133
147
88
56
49
49
107
132
95
89
52
56
50
87
83
75
49
50
76
56
48
114
98
49
49
49
49
81
49
49
49
51
49
90
91
91
49
49
72
58
76
102
133
90
88
99
143
121
89
49
74
91
119
85
49
49
49
49
49
49
86
85
49
63
51
64
48
48
76
49
49
49
49
48
49
49
49
49
52
51
48
101
49
71
152
156
