93
96
50
89
82
91
112
95
105
72
100
49
62
50
50
49
49
49
49
49
49
49
49
50
60
49
51
49
49
49
49
49
49
49
49
49
49
49
51
73
89
107
61
49
62
61
63
100
100
49
49
57
50
76
49
114
92
96
57
58
70
82
49
56
49
69
50
65
126
83
49
50
60
51
60
71
113
52
81
49
49
57
102
62
49
49
49
49
49
61
100
79
57
87
94
59
72
110
52
50
76
108
51
65
78
108
106
66
75
57
50
49
98
87
117
82
74
55
117
122
121
70
49
74
73
118
117
95
71
73
89
116
69
49
72
49
74
73
130
85
60
49
101
50
57
91
72
73
80
60
62
63
89
94
49
49
49
49
50
50
76
112
69
49
49
50
53
87
82
93
77
53
61
65
130
132
157
79
118
106
119
141
112
80
97
79
111
94
138
119
59
78
50
64
56
49
49
49
49
49
49
88
93
49
49
49
49
56
94
95
49
144
140
97
111
132
144
50
137
95
55
142
144
131
106
97
59
119
124
133
91
49
81
80
129
125
111
107
49
68
100
115
49
61
49
49
56
111
128
76
67
49
63
70
102
102
82
92
49
49
55
77
94
49
108
86
67
53
49
94
110
50
94
50
78
91
128
84
49
49
50
49
49
49
49
50
50
49
49
49
49
73
49
55
50
63
52
124
123
96
70
49
781
298
49
49
49
432
49
292
138
49
244
540
49
49
111
193
291
329
86
50
268
138
176
112
56
49
58
102
171
125
115
50
49
114
66
163
88
88
78
50
109
105
96
118
50
50
71
93
49
50
88
74
49
91
139
148
86
102
68
52
99
148
114
112
60
66
106
128
110
95
83
74
77
115
112
122
95
69
88
61
121
123
50
50
91
54
62
59
134
129
52
49
67
127
96
94
58
49
59
64
70
137
110
104
87
49
67
131
133
87
49
49
50
50
69
121
102
65
49
49
58
140
121
112
81
53
50
71
76
98
91
75
49
50
94
49
677
49
457
49
49
49
504
49
147
49
644
49
59
481
293
149
263
416
49
49
145
280
120
292
193
150
50
49
51
149
197
74
114
131
49
81
49
80
90
154
106
61
97
68
112
121
120
53
67
63
62
74
49
122
106
50
85
78
136
113
86
77
52
60
100
49
112
96
87
55
50
93
114
49
52
49
51
62
129
153
53
49
50
92
82
134
57
87
49
50
56
130
110
102
104
64
63
84
131
96
98
72
88
57
59
121
79
103
78
51
49
77
57
149
103
49
51
52
49
84
147
91
66
54
78
70
97
109
104
50
49
110
136
116
101
85
49
58
105
110
119
106
66
49
66
129
123
74
101
54
62
97
149
135
66
65
85
76
130
144
108
50
49
51
104
117
127
101
50
55
72
115
49
118
78
50
58
123
132
98
81
82
50
64
130
87
118
83
62
50
69
100
96
116
72
50
56
49
85
87
49
49
49
50
65
73
98
49
49
70
69
66
90
101
62
90
72
60
73
122
105
49
101
109
88
101
79
49
49
49
65
60
66
49
90
49
49
54
68
60
120
143
85
59
65
74
107
86
86
75
49
70
109
158
93
118
100
62
72
150
119
114
59
58
60
62
97
97
85
73
81
86
85
117
111
57
66
62
63
104
99
52
52
59
49
57
61
126
143
89
67
50
71
95
141
108
67
49
50
61
87
50
79
49
69
67
108
140
123
106
66
57
64
136
133
114
59
78
69
124
114
56
76
55
51
80
122
125
71
73
83
67
122
139
49
50
50
50
68
134
110
113
69
80
56
106
90
49
86
49
54
50
86
56
49
49
53
49
56
80
83
52
50
62
78
71
122
102
76
53
53
82
105
132
118
99
49
63
59
102
118
49
87
80
49
62
82
49
50
49
79
94
96
48
120
75
50
77
82
70
96
115
111
79
58
69
97
137
49
94
55
88
93
88
105
49
49
71
49
57
142
124
52
51
60
50
97
116
124
67
61
51
51
85
92
49
49
59
50
90
49
100
80
63
50
82
61
124
49
103
82
65
88
105
104
89
90
76
51
49
59
49
49
49
49
49
67
58
90
49
51
67
96
88
126
50
75
64
50
58
63
107
49
79
50
61
50
104
114
49
50
108
107
78
144
92
81
61
124
138
100
139
77
49
50
56
119
113
113
74
50
50
86
111
106
59
74
61
59
105
100
49
50
93
70
82
49
96
49
49
49
101
113
104
105
76
49
95
149
55
49
104
95
78
104
126
116
56
63
58
68
49
113
66
50
49
59
75
84
51
73
71
49
50
121
110
112
68
66
49
62
88
133
59
60
83
84
60
105
109
50
49
113
80
80
49
61
50
49
62
125
83
49
50
50
74
50
49
53
58
49
65
76
83
91
93
82
84
51
117
98
108
84
60
50
49
49
81
49
76
49
88
80
84
118
100
49
52
91
54
76
117
103
49
63
107
94
127
129
91
50
50
49
79
49
49
49
58
49
58
98
91
49
50
78
54
58
93
107
94
79
51
115
57
81
103
67
56
59
49
96
60
96
49
49
49
61
91
80
100
79
72
95
97
121
56
93
70
116
71
90
50
62
50
70
82
61
78
83
49
49
59
59
80
